# GIMP colorrc
# 
# This file holds a list of recently used colors.

(color-history
    (color-rgba 0 0 0 4.6881146598577269e-310)
    (color-rgba 1 1 1 1)
    (color-rgba 0.67450980392156867 0.9882352941176471 0.85098039215686272 1)
    (color-rgba 0 0 0 1)
    (color-rgba 0.94901960784313721 0.73333333333333328 0.019607843137254902 1)
    (color-rgba 1 0.9301125963725112 0.15436241610738255 1)
    (color-rgba 0.81753043420861415 0.87603305785123964 0.3704032392256919 1)
    (color-rgba 0.88429752066115697 0.21959065949303896 0.21959065949303896 1)
    (color-rgba 0.58431372549019611 0.67450980392156867 0.75294117647058822 1)
    (color-rgba 0.99586776859504134 0.95576571079926786 0.97512532490757231 1)
    (color-rgba 0.60330578512396693 0.48993288590604028 0.54357167693387654 1)
    (color-rgba 0.74117647058823533 0.37647058823529411 0.5490196078431373 1)
    (color-rgba 0.9882352941176471 0.39215686274509803 0.44313725490196076 1)
    (color-rgba 0.49019607843137253 0.35686274509803922 0.65098039215686276 1)
    (color-rgba 0.33333333333333331 0.83921568627450982 0.74509803921568629 1)
    (color-rgba 0.82644628099173556 0.22741139275611519 0.22741139275611519 1)
    (color-rgba 0.86363636363636365 0.79389014668286939 0.21446003660768759 1)
    (color-rgba 0.0067114093959731447 1 0.55671418270564099 1)
    (color-rgba 1 0.99173553719008267 0 1)
    (color-rgba 1 0 0 1)
    (color-rgba 1 0 0.015686274509803921 1)
    (color-rgba 0.3223140495867769 0.041100449276166191 0.068989401373086179 1)
    (color-rgba 0.56198347107438018 0.094292528703755055 0.094292528703755055 1)
    (color-rgba 1 1 1 4.669067247090901e-310)
    (color-rgba 0.70588235294117652 0.59215686274509804 0.20392156862745098 4.669067247090901e-310)
    (color-rgba 0.70661157024793386 0.5902865860282952 0.20392145987020913 1)
    (color-rgba 0.94509803921568625 0.82352941176470584 0.27843137254901962 0)
    (color-rgba 0.94628099173553715 0.8250369354423932 0.27943868212324591 1)
    (color-rgba 0.70588235294117652 0.54509803921568623 0.13333333333333333 4.6690642703106026e-310)
    (color-rgba 0.9173553719008265 0.78877602613603703 0.098507959398746431 1)
    (color-rgba 0.71074380165289264 0.02862055577125746 0.02862055577125746 1)
    (color-rgba 0.68181818181818188 0.027455765710799305 0.027455765710799305 1))

# end of colorrc
